%%% Global Ocean Heat Content estimate from 1993 to 2019 (Monthly)  v1.0.1
%%%Deep-sea remote sensing retrieval algorithm for retrieving ocean internal information from remote sensing data, firstly Published in remote sensing
%%% Su and Lu, 2020, OPEN: A New Estimation of Global Ocean Heat Content for Upper 2000 Meters from Remote Sensing Data,remote sensing. 2020, 12, 2294; doi:10.3390/rs12142294

%%% Update date: Dec. 2020 by HaoJie.Zhang and Wenfang.Lu
%%% unit of OHC:  *10^22 Joules
%%% OHC is 12-month running mean.
%%% Baseline: 1993-2015
%%% Note: [Error] refers to 95% CI is OHC+/-Error 2 (/sigma
%%% Link to OPEN data: https://github.com/scenty/OPEN-OHC/
[year]	[month]	[ OHC0-300m]	[ Error]	[ OHC0-700m]	[ Error]	[OHC0-1500m]	[ Error]	[OHC0-2000m]	[Error]
1993	1	-5.69 	0.36 	-8.15 	0.43 	-9.97 	0.60 	-10.44 	0.65 
1993	2	-5.72 	0.36 	-8.15 	0.43 	-9.96 	0.59 	-10.45 	0.65 
1993	3	-5.70 	0.36 	-8.14 	0.41 	-9.94 	0.59 	-10.48 	0.65 
1993	4	-5.73 	0.36 	-8.25 	0.43 	-10.13 	0.58 	-10.68 	0.67 
1993	5	-5.71 	0.36 	-8.22 	0.44 	-10.13 	0.58 	-10.69 	0.67 
1993	6	-5.73 	0.36 	-8.28 	0.45 	-10.28 	0.57 	-10.80 	0.68 
1993	7	-5.73 	0.35 	-8.30 	0.44 	-10.34 	0.59 	-10.86 	0.72 
1993	8	-5.67 	0.33 	-8.24 	0.41 	-10.38 	0.52 	-10.83 	0.67 
1993	9	-5.66 	0.31 	-8.14 	0.36 	-10.31 	0.45 	-10.79 	0.65 
1993	10	-5.67 	0.29 	-8.17 	0.35 	-10.41 	0.44 	-10.89 	0.64 
1993	11	-5.65 	0.29 	-8.07 	0.33 	-10.29 	0.41 	-10.81 	0.67 
1993	12	-5.64 	0.30 	-8.17 	0.32 	-10.43 	0.44 	-10.98 	0.64 
1994	1	-5.68 	0.33 	-8.22 	0.33 	-10.49 	0.46 	-11.08 	0.67 
1994	2	-5.68 	0.34 	-8.25 	0.32 	-10.54 	0.51 	-11.12 	0.70 
1994	3	-5.69 	0.35 	-8.22 	0.36 	-10.54 	0.58 	-11.05 	0.68 
1994	4	-5.64 	0.36 	-8.00 	0.35 	-10.19 	0.67 	-10.71 	0.65 
1994	5	-5.70 	0.38 	-8.05 	0.39 	-10.17 	0.72 	-10.71 	0.65 
1994	6	-5.66 	0.39 	-7.88 	0.39 	-9.77 	0.80 	-10.40 	0.67 
1994	7	-5.65 	0.41 	-7.82 	0.41 	-9.54 	0.84 	-10.22 	0.63 
1994	8	-5.61 	0.40 	-7.75 	0.41 	-9.37 	0.84 	-10.02 	0.59 
1994	9	-5.54 	0.42 	-7.74 	0.47 	-9.33 	0.78 	-9.97 	0.59 
1994	10	-5.49 	0.43 	-7.58 	0.48 	-9.07 	0.75 	-9.70 	0.55 
1994	11	-5.45 	0.43 	-7.57 	0.44 	-9.06 	0.76 	-9.63 	0.49 
1994	12	-5.44 	0.42 	-7.50 	0.44 	-8.98 	0.73 	-9.52 	0.47 
1995	1	-5.36 	0.41 	-7.46 	0.45 	-8.91 	0.75 	-9.39 	0.45 
1995	2	-5.26 	0.40 	-7.39 	0.47 	-8.84 	0.69 	-9.27 	0.42 
1995	3	-5.31 	0.38 	-7.51 	0.48 	-8.90 	0.65 	-9.31 	0.39 
1995	4	-5.33 	0.37 	-7.60 	0.46 	-9.03 	0.59 	-9.40 	0.38 
1995	5	-5.26 	0.35 	-7.60 	0.45 	-9.07 	0.52 	-9.38 	0.42 
1995	6	-5.30 	0.34 	-7.74 	0.45 	-9.42 	0.48 	-9.68 	0.43 
1995	7	-5.32 	0.36 	-7.83 	0.41 	-9.70 	0.46 	-9.86 	0.38 
1995	8	-5.34 	0.36 	-7.87 	0.41 	-9.81 	0.50 	-10.00 	0.39 
1995	9	-5.27 	0.35 	-7.78 	0.41 	-9.72 	0.55 	-9.92 	0.37 
1995	10	-5.17 	0.37 	-7.71 	0.42 	-9.74 	0.54 	-9.94 	0.37 
1995	11	-5.07 	0.37 	-7.60 	0.45 	-9.63 	0.54 	-9.86 	0.40 
1995	12	-4.94 	0.34 	-7.41 	0.40 	-9.44 	0.55 	-9.71 	0.39 
1996	1	-4.91 	0.32 	-7.43 	0.39 	-9.52 	0.47 	-9.77 	0.43 
1996	2	-4.91 	0.30 	-7.44 	0.39 	-9.53 	0.46 	-9.82 	0.39 
1996	3	-4.80 	0.27 	-7.34 	0.37 	-9.43 	0.44 	-9.74 	0.35 
1996	4	-4.67 	0.25 	-7.30 	0.38 	-9.39 	0.45 	-9.68 	0.43 
1996	5	-4.57 	0.24 	-7.15 	0.36 	-9.22 	0.49 	-9.56 	0.41 
1996	6	-4.48 	0.23 	-7.16 	0.39 	-9.14 	0.48 	-9.49 	0.39 
1996	7	-4.39 	0.21 	-7.06 	0.37 	-8.93 	0.49 	-9.33 	0.45 
1996	8	-4.29 	0.19 	-6.98 	0.36 	-8.89 	0.45 	-9.23 	0.47 
1996	9	-4.25 	0.19 	-7.03 	0.37 	-9.04 	0.38 	-9.27 	0.51 
1996	10	-4.24 	0.18 	-7.13 	0.37 	-9.15 	0.30 	-9.34 	0.51 
1996	11	-4.28 	0.18 	-7.18 	0.34 	-9.13 	0.32 	-9.31 	0.52 
1996	12	-4.29 	0.20 	-7.27 	0.35 	-9.16 	0.31 	-9.28 	0.49 
1997	1	-4.13 	0.20 	-6.93 	0.32 	-8.63 	0.36 	-8.77 	0.50 
1997	2	-4.05 	0.23 	-6.68 	0.32 	-8.18 	0.38 	-8.32 	0.53 
1997	3	-3.92 	0.25 	-6.43 	0.31 	-7.77 	0.32 	-7.88 	0.53 
1997	4	-3.72 	0.27 	-5.97 	0.32 	-7.07 	0.34 	-7.18 	0.50 
1997	5	-3.55 	0.28 	-5.57 	0.35 	-6.40 	0.35 	-6.47 	0.57 
1997	6	-3.46 	0.30 	-5.21 	0.38 	-5.86 	0.37 	-5.86 	0.69 
1997	7	-3.22 	0.33 	-4.72 	0.41 	-5.16 	0.33 	-5.13 	0.80 
1997	8	-3.06 	0.33 	-4.38 	0.42 	-4.58 	0.32 	-4.52 	0.83 
1997	9	-2.97 	0.32 	-4.00 	0.47 	-3.89 	0.34 	-3.79 	0.79 
1997	10	-2.85 	0.32 	-3.66 	0.49 	-3.30 	0.37 	-3.16 	0.80 
1997	11	-2.67 	0.32 	-3.34 	0.50 	-2.88 	0.35 	-2.65 	0.74 
1997	12	-2.56 	0.32 	-3.03 	0.45 	-2.45 	0.34 	-2.20 	0.77 
1998	1	-2.49 	0.32 	-2.97 	0.43 	-2.49 	0.37 	-2.19 	0.78 
1998	2	-2.39 	0.31 	-2.80 	0.42 	-2.48 	0.40 	-2.13 	0.79 
1998	3	-2.36 	0.31 	-2.70 	0.43 	-2.53 	0.46 	-2.11 	0.85 
1998	4	-2.44 	0.32 	-2.77 	0.43 	-2.80 	0.48 	-2.35 	0.86 
1998	5	-2.55 	0.33 	-2.97 	0.41 	-3.25 	0.51 	-2.83 	0.86 
1998	6	-2.60 	0.33 	-3.17 	0.43 	-3.74 	0.46 	-3.35 	0.82 
1998	7	-2.78 	0.32 	-3.49 	0.45 	-4.34 	0.48 	-4.01 	0.80 
1998	8	-2.92 	0.29 	-3.72 	0.46 	-4.80 	0.49 	-4.54 	0.80 
1998	9	-2.97 	0.27 	-3.82 	0.41 	-5.04 	0.53 	-4.91 	0.89 
1998	10	-3.00 	0.26 	-3.92 	0.39 	-5.38 	0.53 	-5.31 	0.96 
1998	11	-3.18 	0.25 	-4.20 	0.37 	-5.93 	0.58 	-5.99 	1.05 
1998	12	-3.32 	0.24 	-4.46 	0.38 	-6.35 	0.54 	-6.49 	1.06 
1999	1	-3.42 	0.20 	-4.56 	0.30 	-6.48 	0.51 	-6.71 	0.97 
1999	2	-3.58 	0.19 	-4.79 	0.25 	-6.71 	0.50 	-7.03 	0.95 
1999	3	-3.68 	0.18 	-4.97 	0.22 	-6.87 	0.47 	-7.30 	0.86 
1999	4	-3.72 	0.19 	-5.06 	0.20 	-6.95 	0.44 	-7.43 	0.84 
1999	5	-3.73 	0.20 	-5.04 	0.23 	-6.92 	0.38 	-7.39 	0.75 
1999	6	-3.70 	0.20 	-4.95 	0.24 	-6.75 	0.40 	-7.22 	0.69 
1999	7	-3.66 	0.21 	-4.95 	0.23 	-6.70 	0.42 	-7.19 	0.64 
1999	8	-3.60 	0.21 	-4.95 	0.22 	-6.63 	0.44 	-7.17 	0.62 
1999	9	-3.49 	0.20 	-4.86 	0.23 	-6.59 	0.42 	-7.10 	0.58 
1999	10	-3.42 	0.20 	-4.69 	0.26 	-6.38 	0.41 	-6.88 	0.57 
1999	11	-3.36 	0.21 	-4.62 	0.27 	-6.26 	0.38 	-6.71 	0.57 
1999	12	-3.36 	0.22 	-4.63 	0.28 	-6.28 	0.38 	-6.72 	0.55 
2000	1	-3.39 	0.22 	-4.66 	0.29 	-6.31 	0.37 	-6.76 	0.60 
2000	2	-3.33 	0.21 	-4.59 	0.30 	-6.24 	0.36 	-6.71 	0.59 
2000	3	-3.29 	0.22 	-4.61 	0.26 	-6.29 	0.31 	-6.71 	0.60 
2000	4	-3.22 	0.23 	-4.55 	0.22 	-6.21 	0.31 	-6.62 	0.56 
2000	5	-3.09 	0.22 	-4.43 	0.20 	-6.05 	0.33 	-6.46 	0.53 
2000	6	-3.00 	0.21 	-4.35 	0.14 	-5.92 	0.38 	-6.35 	0.49 
2000	7	-2.89 	0.21 	-4.15 	0.10 	-5.67 	0.37 	-6.11 	0.42 
2000	8	-2.75 	0.23 	-3.86 	0.06 	-5.35 	0.36 	-5.77 	0.37 
2000	9	-2.70 	0.26 	-3.74 	0.10 	-5.16 	0.34 	-5.64 	0.33 
2000	10	-2.63 	0.26 	-3.78 	0.14 	-5.23 	0.39 	-5.70 	0.31 
2000	11	-2.48 	0.25 	-3.53 	0.20 	-4.89 	0.41 	-5.35 	0.30 
2000	12	-2.25 	0.26 	-3.27 	0.25 	-4.62 	0.42 	-5.04 	0.36 
2001	1	-2.07 	0.27 	-3.10 	0.22 	-4.39 	0.43 	-4.75 	0.40 
2001	2	-1.87 	0.27 	-2.93 	0.23 	-4.18 	0.38 	-4.49 	0.39 
2001	3	-1.68 	0.27 	-2.69 	0.24 	-3.95 	0.37 	-4.26 	0.36 
2001	4	-1.56 	0.24 	-2.52 	0.24 	-3.75 	0.33 	-4.04 	0.33 
2001	5	-1.54 	0.24 	-2.60 	0.28 	-3.93 	0.32 	-4.20 	0.30 
2001	6	-1.49 	0.24 	-2.50 	0.30 	-3.86 	0.32 	-4.08 	0.31 
2001	7	-1.42 	0.24 	-2.50 	0.34 	-3.78 	0.34 	-3.94 	0.30 
2001	8	-1.40 	0.23 	-2.54 	0.35 	-3.83 	0.34 	-3.93 	0.29 
2001	9	-1.44 	0.23 	-2.70 	0.34 	-3.96 	0.31 	-4.03 	0.33 
2001	10	-1.37 	0.22 	-2.61 	0.30 	-3.67 	0.25 	-3.77 	0.31 
2001	11	-1.33 	0.21 	-2.60 	0.28 	-3.63 	0.24 	-3.72 	0.33 
2001	12	-1.22 	0.19 	-2.52 	0.23 	-3.49 	0.20 	-3.55 	0.34 
2002	1	-1.17 	0.18 	-2.48 	0.23 	-3.45 	0.22 	-3.49 	0.40 
2002	2	-1.05 	0.18 	-2.21 	0.22 	-3.11 	0.21 	-3.20 	0.39 
2002	3	-0.98 	0.16 	-2.06 	0.21 	-2.78 	0.24 	-2.92 	0.39 
2002	4	-0.94 	0.15 	-1.94 	0.20 	-2.58 	0.23 	-2.74 	0.43 
2002	5	-0.80 	0.14 	-1.71 	0.14 	-2.12 	0.23 	-2.28 	0.46 
2002	6	-0.78 	0.14 	-1.71 	0.17 	-2.03 	0.25 	-2.21 	0.54 
2002	7	-0.76 	0.14 	-1.59 	0.20 	-1.87 	0.23 	-2.06 	0.60 
2002	8	-0.69 	0.16 	-1.43 	0.24 	-1.63 	0.22 	-1.87 	0.71 
2002	9	-0.50 	0.18 	-1.09 	0.29 	-1.29 	0.21 	-1.44 	0.76 
2002	10	-0.50 	0.17 	-0.97 	0.26 	-1.25 	0.20 	-1.30 	0.71 
2002	11	-0.42 	0.17 	-0.89 	0.26 	-1.12 	0.24 	-1.14 	0.67 
2002	12	-0.39 	0.16 	-0.79 	0.26 	-0.98 	0.25 	-1.01 	0.64 
2003	1	-0.34 	0.15 	-0.69 	0.27 	-0.85 	0.31 	-0.91 	0.64 
2003	2	-0.37 	0.15 	-0.77 	0.30 	-0.96 	0.31 	-0.96 	0.58 
2003	3	-0.39 	0.13 	-0.82 	0.28 	-1.07 	0.34 	-1.07 	0.56 
2003	4	-0.42 	0.12 	-0.97 	0.30 	-1.34 	0.30 	-1.34 	0.49 
2003	5	-0.47 	0.11 	-1.08 	0.29 	-1.59 	0.31 	-1.62 	0.41 
2003	6	-0.41 	0.11 	-1.07 	0.22 	-1.61 	0.32 	-1.64 	0.37 
2003	7	-0.27 	0.10 	-0.89 	0.21 	-1.40 	0.30 	-1.44 	0.36 
2003	8	-0.15 	0.08 	-0.83 	0.17 	-1.34 	0.32 	-1.34 	0.35 
2003	9	-0.14 	0.07 	-0.91 	0.15 	-1.33 	0.26 	-1.37 	0.34 
2003	10	-0.03 	0.09 	-0.87 	0.17 	-1.31 	0.24 	-1.39 	0.32 
2003	11	0.09 	0.08 	-0.70 	0.20 	-1.15 	0.24 	-1.23 	0.33 
2003	12	0.11 	0.08 	-0.64 	0.21 	-1.14 	0.25 	-1.26 	0.36 
2004	1	0.19 	0.09 	-0.42 	0.23 	-0.87 	0.21 	-1.05 	0.28 
2004	2	0.15 	0.08 	-0.52 	0.22 	-1.00 	0.21 	-1.20 	0.32 
2004	3	0.08 	0.10 	-0.62 	0.24 	-1.10 	0.18 	-1.31 	0.34 
2004	4	0.04 	0.10 	-0.66 	0.23 	-1.14 	0.18 	-1.33 	0.35 
2004	5	0.02 	0.10 	-0.60 	0.21 	-1.03 	0.20 	-1.20 	0.33 
2004	6	0.00 	0.10 	-0.58 	0.22 	-0.92 	0.24 	-1.14 	0.37 
2004	7	0.00 	0.11 	-0.53 	0.23 	-0.83 	0.24 	-1.10 	0.42 
2004	8	0.11 	0.13 	-0.30 	0.23 	-0.53 	0.26 	-0.82 	0.45 
2004	9	0.26 	0.13 	-0.10 	0.29 	-0.33 	0.27 	-0.56 	0.48 
2004	10	0.32 	0.13 	0.00 	0.31 	-0.11 	0.27 	-0.30 	0.47 
2004	11	0.31 	0.14 	0.09 	0.26 	0.01 	0.28 	-0.14 	0.55 
2004	12	0.42 	0.16 	0.27 	0.25 	0.35 	0.26 	0.24 	0.52 
2005	1	0.44 	0.14 	0.23 	0.24 	0.29 	0.25 	0.26 	0.62 
2005	2	0.65 	0.16 	0.55 	0.22 	0.75 	0.26 	0.77 	0.57 
2005	3	0.89 	0.15 	0.84 	0.21 	1.11 	0.25 	1.17 	0.56 
2005	4	1.05 	0.16 	1.09 	0.21 	1.44 	0.25 	1.48 	0.52 
2005	5	1.17 	0.17 	1.13 	0.25 	1.46 	0.20 	1.49 	0.56 
2005	6	1.36 	0.18 	1.38 	0.25 	1.73 	0.18 	1.76 	0.59 
2005	7	1.52 	0.20 	1.50 	0.24 	1.74 	0.21 	1.87 	0.66 
2005	8	1.57 	0.18 	1.49 	0.25 	1.71 	0.28 	1.84 	0.62 
2005	9	1.54 	0.16 	1.50 	0.23 	1.72 	0.29 	1.70 	0.51 
2005	10	1.54 	0.18 	1.58 	0.25 	1.72 	0.31 	1.63 	0.51 
2005	11	1.57 	0.18 	1.57 	0.29 	1.66 	0.34 	1.49 	0.41 
2005	12	1.56 	0.15 	1.53 	0.23 	1.54 	0.34 	1.35 	0.45 
2006	1	1.63 	0.15 	1.73 	0.23 	1.82 	0.34 	1.58 	0.38 
2006	2	1.57 	0.14 	1.70 	0.15 	1.75 	0.32 	1.49 	0.41 
2006	3	1.57 	0.14 	1.82 	0.12 	1.96 	0.32 	1.71 	0.34 
2006	4	1.59 	0.13 	1.89 	0.11 	2.07 	0.32 	1.84 	0.36 
2006	5	1.65 	0.14 	2.14 	0.09 	2.41 	0.30 	2.17 	0.34 
2006	6	1.62 	0.13 	2.16 	0.13 	2.50 	0.30 	2.30 	0.32 
2006	7	1.53 	0.13 	2.14 	0.11 	2.54 	0.21 	2.30 	0.28 
2006	8	1.42 	0.13 	2.08 	0.11 	2.58 	0.20 	2.29 	0.25 
2006	9	1.38 	0.12 	2.03 	0.13 	2.51 	0.16 	2.31 	0.27 
2006	10	1.38 	0.12 	2.07 	0.14 	2.65 	0.16 	2.48 	0.30 
2006	11	1.42 	0.13 	2.20 	0.14 	2.88 	0.17 	2.75 	0.30 
2006	12	1.53 	0.17 	2.42 	0.20 	3.12 	0.17 	3.00 	0.34 
2007	1	1.47 	0.16 	2.31 	0.22 	3.01 	0.19 	2.93 	0.32 
2007	2	1.51 	0.19 	2.36 	0.28 	3.09 	0.22 	3.03 	0.37 
2007	3	1.50 	0.18 	2.37 	0.32 	3.08 	0.22 	3.02 	0.40 
2007	4	1.56 	0.19 	2.45 	0.35 	3.17 	0.28 	3.14 	0.40 
2007	5	1.64 	0.20 	2.54 	0.37 	3.26 	0.32 	3.29 	0.40 
2007	6	1.66 	0.22 	2.58 	0.38 	3.28 	0.40 	3.29 	0.36 
2007	7	1.62 	0.23 	2.53 	0.39 	3.18 	0.45 	3.18 	0.31 
2007	8	1.60 	0.23 	2.55 	0.37 	3.12 	0.49 	3.16 	0.29 
2007	9	1.56 	0.21 	2.54 	0.36 	3.10 	0.52 	3.08 	0.28 
2007	10	1.51 	0.23 	2.47 	0.32 	3.00 	0.51 	2.95 	0.31 
2007	11	1.38 	0.22 	2.21 	0.31 	2.70 	0.53 	2.62 	0.35 
2007	12	1.31 	0.22 	2.05 	0.30 	2.63 	0.53 	2.51 	0.38 
2008	1	1.38 	0.22 	2.23 	0.27 	2.87 	0.52 	2.70 	0.39 
2008	2	1.34 	0.23 	2.20 	0.27 	2.90 	0.48 	2.68 	0.42 
2008	3	1.34 	0.25 	2.15 	0.26 	2.87 	0.44 	2.61 	0.45 
2008	4	1.37 	0.26 	2.25 	0.27 	3.05 	0.39 	2.77 	0.46 
2008	5	1.31 	0.28 	2.21 	0.30 	3.00 	0.32 	2.67 	0.48 
2008	6	1.28 	0.27 	2.20 	0.34 	3.00 	0.28 	2.66 	0.50 
2008	7	1.37 	0.25 	2.27 	0.36 	3.11 	0.28 	2.73 	0.48 
2008	8	1.50 	0.24 	2.35 	0.38 	3.16 	0.32 	2.78 	0.46 
2008	9	1.60 	0.23 	2.49 	0.43 	3.35 	0.32 	2.95 	0.41 
2008	10	1.73 	0.22 	2.72 	0.47 	3.61 	0.37 	3.23 	0.39 
2008	11	1.95 	0.22 	3.12 	0.49 	4.09 	0.39 	3.72 	0.37 
2008	12	2.04 	0.21 	3.29 	0.52 	4.23 	0.43 	3.94 	0.35 
2009	1	2.07 	0.19 	3.18 	0.49 	4.04 	0.39 	3.85 	0.36 
2009	2	2.19 	0.17 	3.37 	0.45 	4.25 	0.39 	4.11 	0.34 
2009	3	2.39 	0.14 	3.65 	0.42 	4.49 	0.41 	4.42 	0.32 
2009	4	2.46 	0.11 	3.70 	0.38 	4.50 	0.41 	4.48 	0.30 
2009	5	2.63 	0.09 	3.96 	0.38 	4.84 	0.39 	4.86 	0.31 
2009	6	2.77 	0.08 	4.23 	0.40 	5.20 	0.40 	5.31 	0.35 
2009	7	2.92 	0.06 	4.53 	0.41 	5.59 	0.40 	5.79 	0.39 
2009	8	3.03 	0.05 	4.78 	0.39 	5.98 	0.39 	6.24 	0.45 
2009	9	3.17 	0.07 	4.98 	0.37 	6.27 	0.43 	6.66 	0.53 
2009	10	3.27 	0.08 	5.05 	0.36 	6.36 	0.42 	6.85 	0.59 
2009	11	3.31 	0.13 	5.04 	0.33 	6.33 	0.44 	6.93 	0.65 
2009	12	3.34 	0.18 	5.13 	0.23 	6.41 	0.48 	7.02 	0.60 
2010	1	3.42 	0.19 	5.42 	0.19 	6.74 	0.50 	7.36 	0.58 
2010	2	3.45 	0.20 	5.48 	0.21 	6.79 	0.54 	7.43 	0.63 
2010	3	3.35 	0.21 	5.42 	0.26 	6.75 	0.52 	7.39 	0.72 
2010	4	3.27 	0.20 	5.33 	0.33 	6.65 	0.47 	7.34 	0.78 
2010	5	3.14 	0.22 	5.15 	0.38 	6.30 	0.43 	6.98 	0.77 
2010	6	2.99 	0.21 	4.89 	0.40 	5.86 	0.45 	6.47 	0.80 
2010	7	2.87 	0.22 	4.72 	0.44 	5.56 	0.44 	6.16 	0.81 
2010	8	2.79 	0.23 	4.53 	0.47 	5.16 	0.43 	5.77 	0.86 
2010	9	2.66 	0.26 	4.32 	0.52 	4.71 	0.45 	5.28 	0.95 
2010	10	2.56 	0.28 	4.18 	0.53 	4.46 	0.50 	4.98 	0.97 
2010	11	2.40 	0.30 	3.87 	0.58 	4.05 	0.52 	4.51 	0.95 
2010	12	2.30 	0.31 	3.67 	0.62 	3.83 	0.53 	4.30 	0.93 
2011	1	2.23 	0.32 	3.48 	0.66 	3.68 	0.53 	4.10 	0.84 
2011	2	2.18 	0.33 	3.32 	0.68 	3.52 	0.54 	3.93 	0.75 
2011	3	2.20 	0.34 	3.36 	0.66 	3.62 	0.55 	4.02 	0.65 
2011	4	2.33 	0.34 	3.57 	0.63 	3.95 	0.54 	4.31 	0.63 
2011	5	2.47 	0.34 	3.76 	0.58 	4.30 	0.56 	4.68 	0.59 
2011	6	2.63 	0.34 	3.98 	0.55 	4.69 	0.54 	5.10 	0.46 
2011	7	2.65 	0.36 	3.95 	0.56 	4.70 	0.53 	5.10 	0.52 
2011	8	2.61 	0.36 	3.92 	0.51 	4.83 	0.54 	5.14 	0.61 
2011	9	2.72 	0.34 	3.99 	0.44 	5.14 	0.57 	5.32 	0.60 
2011	10	2.79 	0.36 	4.11 	0.42 	5.39 	0.51 	5.52 	0.64 
2011	11	2.97 	0.38 	4.53 	0.39 	6.01 	0.51 	6.08 	0.68 
2011	12	3.09 	0.38 	4.73 	0.39 	6.36 	0.48 	6.36 	0.75 
2012	1	3.17 	0.38 	4.77 	0.36 	6.40 	0.48 	6.45 	0.79 
2012	2	3.30 	0.37 	5.07 	0.35 	6.77 	0.50 	6.80 	0.82 
2012	3	3.48 	0.35 	5.30 	0.34 	7.03 	0.49 	7.08 	0.83 
2012	4	3.53 	0.33 	5.35 	0.35 	7.08 	0.53 	7.11 	0.81 
2012	5	3.64 	0.32 	5.45 	0.36 	7.26 	0.51 	7.30 	0.79 
2012	6	3.74 	0.30 	5.63 	0.32 	7.53 	0.54 	7.56 	0.76 
2012	7	3.99 	0.29 	5.99 	0.29 	8.05 	0.53 	8.04 	0.65 
2012	8	4.21 	0.29 	6.31 	0.26 	8.40 	0.54 	8.45 	0.58 
2012	9	4.31 	0.28 	6.47 	0.26 	8.59 	0.52 	8.79 	0.54 
2012	10	4.42 	0.27 	6.65 	0.25 	8.83 	0.54 	9.05 	0.57 
2012	11	4.45 	0.24 	6.60 	0.21 	8.73 	0.55 	8.98 	0.59 
2012	12	4.58 	0.23 	6.79 	0.22 	8.86 	0.55 	9.16 	0.59 
2013	1	4.65 	0.24 	6.95 	0.20 	8.94 	0.55 	9.24 	0.53 
2013	2	4.69 	0.22 	6.95 	0.16 	8.89 	0.53 	9.25 	0.52 
2013	3	4.73 	0.22 	6.97 	0.14 	8.83 	0.53 	9.23 	0.51 
2013	4	4.79 	0.20 	6.97 	0.11 	8.71 	0.52 	9.21 	0.53 
2013	5	4.82 	0.19 	7.01 	0.16 	8.65 	0.51 	9.22 	0.57 
2013	6	4.86 	0.17 	7.00 	0.16 	8.53 	0.52 	9.12 	0.64 
2013	7	4.79 	0.17 	6.91 	0.15 	8.37 	0.51 	8.98 	0.70 
2013	8	4.81 	0.18 	6.94 	0.17 	8.44 	0.50 	9.04 	0.69 
2013	9	4.86 	0.21 	7.05 	0.19 	8.51 	0.51 	9.07 	0.64 
2013	10	4.95 	0.24 	7.09 	0.25 	8.53 	0.49 	9.12 	0.60 
2013	11	5.06 	0.26 	7.30 	0.28 	8.82 	0.47 	9.45 	0.57 
2013	12	5.09 	0.27 	7.32 	0.30 	8.92 	0.45 	9.58 	0.56 
2014	1	5.18 	0.29 	7.45 	0.27 	9.17 	0.42 	9.82 	0.53 
2014	2	5.28 	0.29 	7.61 	0.26 	9.39 	0.40 	9.98 	0.49 
2014	3	5.34 	0.30 	7.75 	0.29 	9.64 	0.40 	10.22 	0.54 
2014	4	5.45 	0.31 	8.02 	0.28 	10.14 	0.41 	10.64 	0.51 
2014	5	5.46 	0.31 	8.05 	0.29 	10.21 	0.46 	10.68 	0.51 
2014	6	5.53 	0.32 	8.19 	0.33 	10.39 	0.48 	10.89 	0.50 
2014	7	5.60 	0.32 	8.30 	0.34 	10.56 	0.55 	11.13 	0.50 
2014	8	5.66 	0.33 	8.36 	0.32 	10.66 	0.59 	11.24 	0.56 
2014	9	5.75 	0.33 	8.50 	0.33 	10.95 	0.63 	11.57 	0.62 
2014	10	5.83 	0.32 	8.63 	0.32 	11.19 	0.64 	11.84 	0.58 
2014	11	5.93 	0.34 	8.74 	0.36 	11.39 	0.65 	12.09 	0.57 
2014	12	6.07 	0.36 	9.01 	0.37 	11.81 	0.66 	12.55 	0.56 
2015	1	6.18 	0.37 	9.25 	0.43 	12.20 	0.68 	13.01 	0.61 
2015	2	6.29 	0.37 	9.42 	0.47 	12.48 	0.67 	13.37 	0.62 
2015	3	6.35 	0.36 	9.55 	0.45 	12.72 	0.69 	13.64 	0.57 
2015	4	6.54 	0.37 	9.83 	0.48 	13.10 	0.71 	14.10 	0.60 
2015	5	6.87 	0.38 	10.40 	0.47 	13.90 	0.72 	14.95 	0.57 
2015	6	7.04 	0.39 	10.72 	0.48 	14.43 	0.75 	15.50 	0.57 
2015	7	7.22 	0.41 	10.98 	0.47 	14.86 	0.70 	15.96 	0.57 
2015	8	7.34 	0.42 	11.22 	0.53 	15.31 	0.68 	16.52 	0.58 
2015	9	7.48 	0.43 	11.52 	0.53 	15.78 	0.66 	17.07 	0.58 
2015	10	7.62 	0.44 	11.79 	0.57 	16.17 	0.67 	17.53 	0.66 
2015	11	7.68 	0.45 	11.97 	0.61 	16.39 	0.70 	17.80 	0.71 
2015	12	7.75 	0.43 	12.10 	0.63 	16.41 	0.71 	17.80 	0.75 
2016	1	7.92 	0.43 	12.31 	0.65 	16.53 	0.73 	17.94 	0.78 
2016	2	8.00 	0.43 	12.38 	0.63 	16.57 	0.72 	17.98 	0.80 
2016	3	8.10 	0.45 	12.50 	0.62 	16.62 	0.67 	18.01 	0.78 
2016	4	8.11 	0.45 	12.45 	0.63 	16.37 	0.70 	17.70 	0.80 
2016	5	8.07 	0.44 	12.33 	0.63 	16.10 	0.66 	17.38 	0.81 
2016	6	8.13 	0.42 	12.38 	0.61 	16.03 	0.66 	17.26 	0.77 
2016	7	8.15 	0.39 	12.38 	0.60 	15.86 	0.68 	17.04 	0.72 
2016	8	8.22 	0.38 	12.40 	0.59 	15.74 	0.72 	16.77 	0.74 
2016	9	8.26 	0.36 	12.29 	0.55 	15.43 	0.76 	16.38 	0.73 
2016	10	8.32 	0.34 	12.32 	0.46 	15.34 	0.79 	16.20 	0.68 
2016	11	8.43 	0.33 	12.43 	0.43 	15.37 	0.87 	16.22 	0.68 
2016	12	8.43 	0.34 	12.40 	0.44 	15.31 	0.92 	16.21 	0.66 
2017	1	8.34 	0.32 	12.22 	0.43 	15.07 	0.95 	15.98 	0.69 
2017	2	8.32 	0.32 	12.27 	0.42 	15.09 	1.00 	16.02 	0.67 
2017	3	8.37 	0.31 	12.36 	0.40 	15.15 	1.06 	16.10 	0.70 
2017	4	8.41 	0.29 	12.44 	0.37 	15.28 	1.06 	16.30 	0.69 
2017	5	8.47 	0.29 	12.55 	0.34 	15.35 	1.08 	16.41 	0.67 
2017	6	8.52 	0.27 	12.57 	0.28 	15.34 	1.09 	16.44 	0.70 
2017	7	8.59 	0.28 	12.67 	0.29 	15.40 	1.15 	16.48 	0.74 
2017	8	8.68 	0.29 	12.86 	0.28 	15.52 	1.18 	16.66 	0.72 
2017	9	8.68 	0.30 	12.99 	0.23 	15.72 	1.23 	16.87 	0.73 
2017	10	8.68 	0.29 	13.07 	0.26 	15.77 	1.20 	16.95 	0.83 
2017	11	8.70 	0.30 	13.08 	0.31 	15.77 	1.13 	16.90 	0.81 
2017	12	8.70 	0.30 	13.03 	0.32 	15.67 	1.08 	16.78 	0.82 
2018	1	8.74 	0.30 	13.17 	0.35 	15.89 	1.06 	16.95 	0.77 
2018	2	8.77 	0.31 	13.27 	0.38 	16.01 	1.03 	17.03 	0.82 
2018	3	8.76 	0.32 	13.26 	0.38 	16.00 	1.05 	17.02 	0.87 
2018	4	8.76 	0.35 	13.32 	0.41 	16.12 	1.07 	17.04 	0.94 
2018	5	8.81 	0.37 	13.38 	0.41 	16.32 	1.07 	17.20 	1.04 
2018	6	8.79 	0.37 	13.40 	0.39 	16.39 	1.06 	17.20 	0.99 
2018	7	8.82 	0.37 	13.52 	0.42 	16.66 	1.03 	17.47 	0.97 
2018	8	8.82 	0.35 	13.61 	0.47 	16.90 	1.01 	17.69 	1.01 
2018	9	8.86 	0.34 	13.70 	0.45 	17.05 	0.93 	17.84 	1.02 
2018	10	8.98 	0.37 	13.92 	0.44 	17.36 	0.92 	18.18 	1.04 
2018	11	9.06 	0.37 	14.04 	0.42 	17.58 	0.92 	18.43 	1.06 
2018	12	9.16 	0.38 	14.31 	0.37 	18.03 	0.94 	18.88 	1.07 
2019	1	9.33 	0.40 	14.56 	0.36 	18.35 	0.95 	19.18 	1.02 
2019	2	9.57 	0.42 	14.85 	0.34 	18.71 	0.97 	19.55 	1.06 
2019	3	9.84 	0.45 	15.14 	0.38 	19.05 	0.93 	19.90 	1.09 
2019	4	9.99 	0.47 	15.27 	0.38 	19.14 	0.89 	19.98 	1.07 
2019	5	10.01 	0.49 	15.26 	0.40 	19.06 	0.89 	19.88 	1.05 
2019	6	10.22 	0.52 	15.57 	0.41 	19.46 	0.88 	20.24 	1.13 
2019	7	10.47 	0.53 	15.90 	0.41 	19.85 	0.88 	20.56 	1.13 
2019	8	10.45 	0.53 	15.77 	0.38 	19.65 	0.87 	20.35 	1.11 
2019	9	10.41 	0.53 	15.67 	0.38 	19.49 	0.92 	20.18 	1.11 
2019	10	10.33 	0.51 	15.50 	0.36 	19.26 	0.93 	19.93 	1.07 
2019	11	10.27 	0.50 	15.41 	0.35 	19.11 	0.95 	19.78 	1.05 
2019	12	10.21 	0.49 	15.25 	0.36 	18.85 	0.95 	19.52 	1.03 
