%%% Global Ocean Heat Content estimate from 1993 to 2022 (Monthly)  v1.1.2
%%%Deep ocean remote sensing (DORS) retrieval algorithm for retrieving ocean internal information from remote sensing data, firstly Published in remote sensing
%%% Su ... Lu*, 2020, OPEN: A New Estimation of Global Ocean Heat Content for Upper 2000 Meters from Remote Sensing Data,remote sensing. 2020, 12, 2294; doi:10.3390/rs12142294

%%% v1.1.2 Update date: Aug. 2023 by Wenfang Lu (extended to 2022)
%%% v1.1.1 Update date: Dec. 2020 by HaoJie Zhang and Wenfang Lu; %%% Note: This version is based on v1.0.1, we increase the number of neurons to improve
%%% unit of OHC:  *10^22 Joules
%%% OHC is 12-month running mean.
%%% Baseline: 1993-2015
%%% Note: [Error] refers to 95% CI is OHC+/-Error 2 /sigma
%%% Link to OPEN data: https://github.com/scenty/OPEN-OHC/
%%%
[year]	[month]	 [OHC0-300m]	[Error]	[OHC0-700m]	[Error]	[OHC0-1500m]	[Error]	[OHC0-2000m]	[Error]
1993	1	-4.34 	2.17 	-5.70 	3.93 	-7.14 	1.38 	-7.33 	4.38 
1993	2	-4.40 	1.61 	-5.76 	2.85 	-7.20 	1.56 	-7.39 	3.47 
1993	3	-4.38 	1.34 	-5.70 	2.34 	-7.14 	1.44 	-7.35 	3.71 
1993	4	-4.38 	1.29 	-5.76 	2.17 	-7.19 	1.35 	-7.42 	2.12 
1993	5	-4.34 	1.28 	-5.66 	2.73 	-7.05 	1.67 	-7.27 	1.54 
1993	6	-4.37 	1.42 	-5.74 	3.04 	-7.12 	1.53 	-7.37 	1.80 
1993	7	-4.39 	1.81 	-5.78 	3.17 	-7.15 	1.98 	-7.40 	3.18 
1993	8	-4.37 	1.43 	-5.83 	3.26 	-7.20 	2.10 	-7.43 	2.61 
1993	9	-4.37 	1.61 	-5.83 	3.66 	-7.18 	2.89 	-7.34 	3.02 
1993	10	-4.38 	1.49 	-5.86 	3.19 	-7.24 	2.35 	-7.35 	2.50 
1993	11	-4.32 	1.77 	-5.82 	3.35 	-7.21 	2.90 	-7.29 	1.50 
1993	12	-4.28 	1.80 	-5.87 	3.10 	-7.27 	2.14 	-7.34 	1.11 
1994	1	-4.25 	1.54 	-5.85 	2.85 	-7.25 	1.72 	-7.29 	2.32 
1994	2	-4.21 	1.25 	-5.81 	2.35 	-7.21 	2.10 	-7.26 	1.97 
1994	3	-4.25 	1.21 	-5.87 	2.15 	-7.31 	2.14 	-7.31 	3.25 
1994	4	-4.27 	1.06 	-5.78 	2.01 	-7.26 	2.06 	-7.23 	2.21 
1994	5	-4.37 	1.34 	-5.98 	3.14 	-7.53 	2.12 	-7.51 	2.28 
1994	6	-4.33 	1.43 	-5.81 	4.15 	-7.36 	2.68 	-7.29 	1.60 
1994	7	-4.28 	1.78 	-5.71 	4.20 	-7.24 	2.74 	-7.17 	2.90 
1994	8	-4.29 	1.93 	-5.69 	3.84 	-7.20 	2.82 	-7.17 	3.16 
1994	9	-4.24 	1.70 	-5.62 	4.48 	-7.16 	3.10 	-7.16 	3.12 
1994	10	-4.22 	2.01 	-5.56 	4.33 	-7.07 	3.91 	-7.13 	2.61 
1994	11	-4.25 	2.07 	-5.62 	3.37 	-7.17 	2.91 	-7.20 	1.88 
1994	12	-4.28 	2.21 	-5.62 	3.17 	-7.17 	1.65 	-7.15 	1.90 
1995	1	-4.22 	2.14 	-5.59 	2.95 	-7.15 	1.04 	-7.11 	2.93 
1995	2	-4.11 	1.59 	-5.50 	3.03 	-7.05 	0.94 	-6.97 	2.82 
1995	3	-4.10 	1.14 	-5.55 	2.01 	-7.02 	1.90 	-6.98 	3.14 
1995	4	-4.06 	0.93 	-5.56 	2.09 	-6.98 	2.68 	-6.94 	2.10 
1995	5	-3.97 	1.14 	-5.47 	2.41 	-6.86 	2.71 	-6.82 	2.01 
1995	6	-3.98 	1.31 	-5.57 	3.74 	-7.00 	1.86 	-6.99 	2.05 
1995	7	-4.00 	1.70 	-5.65 	3.76 	-7.16 	1.83 	-7.12 	2.65 
1995	8	-4.00 	1.64 	-5.64 	3.69 	-7.22 	1.81 	-7.11 	2.52 
1995	9	-3.96 	1.65 	-5.57 	3.67 	-7.21 	2.77 	-7.10 	2.55 
1995	10	-3.90 	1.63 	-5.50 	3.39 	-7.21 	2.74 	-7.03 	2.11 
1995	11	-3.79 	1.64 	-5.35 	2.64 	-7.08 	2.79 	-6.91 	1.38 
1995	12	-3.68 	1.59 	-5.19 	2.86 	-6.95 	2.35 	-6.81 	1.11 
1996	1	-3.68 	1.62 	-5.24 	2.38 	-7.00 	1.72 	-6.92 	2.07 
1996	2	-3.69 	1.39 	-5.26 	1.93 	-7.03 	1.34 	-6.95 	2.34 
1996	3	-3.64 	0.77 	-5.20 	1.26 	-6.98 	1.87 	-6.88 	2.06 
1996	4	-3.56 	0.68 	-5.14 	1.53 	-6.95 	1.75 	-6.79 	0.62 
1996	5	-3.47 	0.90 	-4.96 	2.04 	-6.72 	2.27 	-6.52 	1.76 
1996	6	-3.41 	1.09 	-4.90 	2.97 	-6.60 	2.64 	-6.40 	2.06 
1996	7	-3.36 	1.33 	-4.83 	3.10 	-6.42 	2.12 	-6.23 	2.39 
1996	8	-3.30 	1.31 	-4.84 	3.44 	-6.39 	1.82 	-6.24 	2.03 
1996	9	-3.26 	1.36 	-4.93 	3.14 	-6.50 	2.15 	-6.29 	1.96 
1996	10	-3.21 	1.56 	-4.96 	2.80 	-6.43 	2.48 	-6.26 	1.57 
1996	11	-3.21 	1.77 	-4.99 	2.46 	-6.36 	2.97 	-6.25 	1.63 
1996	12	-3.20 	1.74 	-5.02 	2.30 	-6.36 	2.14 	-6.23 	1.55 
1997	1	-3.06 	1.73 	-4.69 	2.41 	-5.88 	1.62 	-5.75 	2.37 
1997	2	-3.02 	1.63 	-4.52 	2.98 	-5.54 	1.98 	-5.46 	2.44 
1997	3	-2.94 	1.10 	-4.38 	2.41 	-5.28 	1.75 	-5.23 	2.64 
1997	4	-2.83 	1.10 	-4.16 	1.77 	-4.91 	1.22 	-4.93 	1.80 
1997	5	-2.67 	1.36 	-3.87 	2.38 	-4.47 	1.84 	-4.50 	2.47 
1997	6	-2.54 	1.36 	-3.62 	2.56 	-4.11 	2.09 	-4.05 	2.22 
1997	7	-2.31 	1.71 	-3.30 	3.62 	-3.71 	2.00 	-3.59 	2.94 
1997	8	-2.17 	1.52 	-3.05 	3.84 	-3.34 	2.85 	-3.15 	2.95 
1997	9	-2.07 	1.87 	-2.77 	3.47 	-2.78 	3.80 	-2.66 	2.16 
1997	10	-2.00 	1.95 	-2.50 	3.45 	-2.34 	3.18 	-2.19 	1.92 
1997	11	-1.90 	2.22 	-2.25 	2.55 	-1.92 	3.08 	-1.73 	1.49 
1997	12	-1.80 	2.07 	-2.05 	2.22 	-1.51 	2.24 	-1.38 	1.33 
1998	1	-1.79 	1.69 	-2.13 	2.56 	-1.61 	2.17 	-1.52 	2.07 
1998	2	-1.75 	1.32 	-2.13 	2.66 	-1.67 	2.21 	-1.60 	0.79 
1998	3	-1.75 	1.01 	-2.18 	1.75 	-1.77 	1.06 	-1.67 	0.70 
1998	4	-1.83 	1.25 	-2.22 	1.30 	-1.85 	1.90 	-1.73 	1.63 
1998	5	-2.03 	1.23 	-2.47 	2.31 	-2.21 	2.40 	-2.10 	1.73 
1998	6	-2.18 	1.32 	-2.72 	2.26 	-2.57 	2.61 	-2.58 	2.01 
1998	7	-2.39 	1.74 	-2.98 	2.21 	-2.94 	1.83 	-3.05 	2.87 
1998	8	-2.54 	2.01 	-3.20 	2.25 	-3.20 	1.75 	-3.39 	2.62 
1998	9	-2.62 	1.27 	-3.33 	2.21 	-3.43 	2.10 	-3.62 	2.33 
1998	10	-2.74 	1.25 	-3.55 	2.37 	-3.81 	2.64 	-3.99 	1.90 
1998	11	-2.90 	1.80 	-3.84 	1.88 	-4.32 	2.05 	-4.48 	2.01 
1998	12	-3.06 	1.62 	-4.10 	2.38 	-4.81 	1.31 	-4.94 	1.54 
1999	1	-3.14 	1.69 	-4.13 	2.41 	-4.91 	1.41 	-5.01 	1.44 
1999	2	-3.24 	1.43 	-4.26 	1.95 	-5.07 	1.25 	-5.12 	0.77 
1999	3	-3.32 	1.21 	-4.30 	1.40 	-5.13 	1.24 	-5.18 	0.70 
1999	4	-3.33 	1.18 	-4.33 	1.88 	-5.17 	1.28 	-5.23 	1.42 
1999	5	-3.34 	1.35 	-4.38 	2.36 	-5.28 	1.81 	-5.30 	1.65 
1999	6	-3.30 	0.93 	-4.32 	2.22 	-5.21 	2.59 	-5.21 	1.68 
1999	7	-3.23 	1.42 	-4.26 	3.02 	-5.14 	1.64 	-5.13 	2.84 
1999	8	-3.14 	1.43 	-4.19 	3.36 	-5.08 	1.97 	-5.08 	2.61 
1999	9	-3.04 	1.39 	-4.04 	2.88 	-5.01 	1.76 	-5.02 	2.70 
1999	10	-2.96 	1.74 	-3.89 	2.57 	-4.82 	2.49 	-4.84 	2.19 
1999	11	-2.92 	1.70 	-3.85 	2.00 	-4.78 	1.98 	-4.78 	1.66 
1999	12	-2.93 	1.89 	-3.87 	2.53 	-4.81 	1.82 	-4.78 	1.25 
2000	1	-2.97 	1.90 	-3.93 	2.26 	-4.87 	0.79 	-4.79 	1.62 
2000	2	-2.95 	1.41 	-3.88 	1.49 	-4.85 	1.07 	-4.76 	2.30 
2000	3	-2.94 	1.28 	-4.01 	1.42 	-5.03 	0.95 	-4.93 	1.58 
2000	4	-2.88 	1.21 	-3.96 	1.80 	-4.98 	1.49 	-4.87 	1.54 
2000	5	-2.78 	1.20 	-3.87 	2.26 	-4.83 	1.66 	-4.74 	1.43 
2000	6	-2.70 	1.10 	-3.78 	2.09 	-4.72 	1.90 	-4.61 	1.70 
2000	7	-2.63 	1.01 	-3.62 	2.66 	-4.57 	1.98 	-4.42 	2.22 
2000	8	-2.54 	1.48 	-3.44 	3.63 	-4.37 	2.10 	-4.18 	3.19 
2000	9	-2.51 	1.29 	-3.42 	3.41 	-4.32 	2.59 	-4.09 	2.90 
2000	10	-2.44 	1.36 	-3.41 	2.72 	-4.35 	2.22 	-4.07 	2.35 
2000	11	-2.29 	1.74 	-3.23 	1.92 	-4.12 	2.20 	-3.84 	2.02 
2000	12	-2.08 	1.77 	-3.00 	2.15 	-3.83 	1.24 	-3.53 	1.33 
2001	1	-1.89 	1.62 	-2.86 	1.80 	-3.68 	0.69 	-3.37 	1.42 
2001	2	-1.66 	1.03 	-2.65 	1.69 	-3.41 	1.11 	-3.10 	1.37 
2001	3	-1.43 	1.25 	-2.34 	1.59 	-3.02 	0.96 	-2.71 	1.57 
2001	4	-1.27 	0.96 	-2.14 	1.33 	-2.81 	1.20 	-2.50 	1.55 
2001	5	-1.17 	1.00 	-2.09 	2.19 	-2.79 	1.35 	-2.50 	1.53 
2001	6	-1.11 	1.22 	-1.96 	2.50 	-2.61 	1.77 	-2.32 	1.83 
2001	7	-1.05 	1.43 	-1.95 	2.76 	-2.59 	1.89 	-2.28 	2.68 
2001	8	-1.03 	1.50 	-1.98 	3.07 	-2.68 	1.68 	-2.37 	2.48 
2001	9	-1.02 	1.34 	-2.00 	2.42 	-2.72 	2.16 	-2.44 	1.72 
2001	10	-0.92 	1.27 	-1.84 	2.68 	-2.52 	2.50 	-2.28 	1.45 
2001	11	-0.87 	1.62 	-1.75 	2.25 	-2.41 	2.12 	-2.19 	1.82 
2001	12	-0.78 	1.59 	-1.61 	2.48 	-2.20 	1.07 	-2.03 	0.89 
2002	1	-0.76 	1.57 	-1.56 	2.52 	-2.10 	1.15 	-1.97 	0.81 
2002	2	-0.70 	1.08 	-1.34 	2.78 	-1.81 	1.37 	-1.73 	1.48 
2002	3	-0.67 	0.73 	-1.15 	1.14 	-1.60 	1.04 	-1.51 	1.93 
2002	4	-0.66 	0.75 	-1.01 	0.81 	-1.42 	1.66 	-1.33 	1.71 
2002	5	-0.57 	1.01 	-0.79 	2.11 	-1.15 	2.01 	-1.04 	1.68 
2002	6	-0.56 	1.24 	-0.82 	3.01 	-1.26 	2.09 	-1.18 	1.36 
2002	7	-0.57 	1.12 	-0.79 	2.42 	-1.20 	1.93 	-1.14 	1.80 
2002	8	-0.54 	1.44 	-0.69 	3.07 	-1.05 	2.14 	-0.99 	2.28 
2002	9	-0.46 	1.23 	-0.54 	2.34 	-0.87 	2.29 	-0.75 	1.45 
2002	10	-0.49 	1.67 	-0.60 	2.58 	-0.92 	2.07 	-0.80 	2.70 
2002	11	-0.42 	1.92 	-0.56 	2.48 	-0.87 	1.53 	-0.75 	2.00 
2002	12	-0.42 	1.85 	-0.58 	2.07 	-0.92 	1.15 	-0.77 	1.72 
2003	1	-0.39 	1.48 	-0.53 	1.84 	-0.93 	1.28 	-0.76 	0.92 
2003	2	-0.42 	1.07 	-0.67 	1.77 	-1.15 	0.91 	-0.94 	1.70 
2003	3	-0.39 	0.89 	-0.75 	1.31 	-1.29 	1.13 	-1.09 	1.72 
2003	4	-0.34 	0.62 	-0.83 	0.71 	-1.39 	1.48 	-1.23 	1.76 
2003	5	-0.29 	0.89 	-0.87 	1.22 	-1.43 	1.62 	-1.27 	1.28 
2003	6	-0.18 	0.85 	-0.78 	1.89 	-1.29 	1.77 	-1.10 	1.30 
2003	7	-0.05 	1.19 	-0.58 	1.93 	-1.09 	1.79 	-0.88 	1.89 
2003	8	0.06 	1.26 	-0.49 	2.73 	-0.97 	1.96 	-0.75 	2.01 
2003	9	0.16 	1.07 	-0.43 	2.79 	-0.91 	2.29 	-0.76 	1.65 
2003	10	0.29 	1.21 	-0.29 	2.55 	-0.81 	2.77 	-0.65 	1.81 
2003	11	0.38 	1.57 	-0.18 	1.91 	-0.72 	2.85 	-0.56 	1.04 
2003	12	0.42 	1.74 	-0.15 	1.46 	-0.75 	1.64 	-0.64 	1.39 
2004	1	0.50 	1.28 	0.06 	2.16 	-0.50 	0.74 	-0.41 	1.21 
2004	2	0.44 	0.94 	-0.03 	1.90 	-0.63 	1.68 	-0.55 	1.13 
2004	3	0.44 	0.73 	-0.01 	1.43 	-0.50 	1.34 	-0.45 	1.76 
2004	4	0.39 	0.83 	-0.06 	0.89 	-0.56 	1.54 	-0.51 	1.81 
2004	5	0.35 	0.73 	-0.04 	1.23 	-0.51 	1.51 	-0.49 	1.13 
2004	6	0.28 	0.97 	-0.08 	1.93 	-0.50 	1.92 	-0.50 	1.00 
2004	7	0.27 	1.32 	-0.06 	2.39 	-0.42 	1.62 	-0.47 	2.20 
2004	8	0.33 	1.35 	0.05 	3.03 	-0.30 	2.27 	-0.37 	2.22 
2004	9	0.39 	1.55 	0.15 	3.14 	-0.11 	2.35 	-0.18 	2.09 
2004	10	0.44 	1.54 	0.27 	2.35 	0.07 	2.74 	-0.07 	2.03 
2004	11	0.44 	1.71 	0.35 	2.15 	0.21 	2.57 	0.04 	1.59 
2004	12	0.55 	1.55 	0.59 	1.49 	0.56 	1.09 	0.40 	1.02 
2005	1	0.56 	1.07 	0.57 	1.18 	0.58 	1.50 	0.41 	1.07 
2005	2	0.79 	0.93 	0.96 	1.50 	1.11 	0.89 	0.91 	0.63 
2005	3	0.92 	0.82 	1.14 	0.79 	1.33 	1.22 	1.13 	1.11 
2005	4	1.06 	0.52 	1.45 	0.86 	1.75 	1.59 	1.59 	1.36 
2005	5	1.24 	0.84 	1.64 	1.30 	1.94 	2.36 	1.83 	1.17 
2005	6	1.39 	0.71 	1.95 	1.70 	2.23 	1.64 	2.10 	1.59 
2005	7	1.53 	0.79 	2.12 	1.29 	2.34 	1.71 	2.21 	1.38 
2005	8	1.60 	1.01 	2.21 	1.79 	2.42 	1.54 	2.32 	1.55 
2005	9	1.60 	1.16 	2.31 	2.20 	2.50 	1.93 	2.42 	1.28 
2005	10	1.55 	1.40 	2.32 	1.81 	2.53 	1.89 	2.55 	2.02 
2005	11	1.54 	1.51 	2.32 	1.29 	2.51 	1.74 	2.56 	1.75 
2005	12	1.50 	1.54 	2.28 	1.39 	2.44 	1.02 	2.48 	1.52 
2006	1	1.54 	1.46 	2.44 	1.29 	2.62 	1.57 	2.64 	1.24 
2006	2	1.44 	1.08 	2.32 	1.37 	2.46 	1.04 	2.50 	1.13 
2006	3	1.38 	0.69 	2.31 	0.95 	2.45 	1.42 	2.49 	1.09 
2006	4	1.35 	0.59 	2.26 	1.31 	2.35 	1.29 	2.38 	0.85 
2006	5	1.27 	0.58 	2.30 	1.24 	2.42 	1.62 	2.40 	1.46 
2006	6	1.22 	1.01 	2.14 	1.17 	2.27 	1.96 	2.22 	1.33 
2006	7	1.14 	1.31 	2.02 	1.17 	2.18 	2.17 	2.12 	2.07 
2006	8	1.05 	1.14 	1.88 	2.27 	2.07 	1.65 	1.92 	1.48 
2006	9	0.99 	1.32 	1.76 	2.12 	1.90 	2.16 	1.74 	1.44 
2006	10	1.00 	1.11 	1.72 	1.98 	1.83 	2.52 	1.60 	1.68 
2006	11	1.06 	1.42 	1.79 	2.13 	1.97 	2.53 	1.71 	1.23 
2006	12	1.10 	1.55 	1.88 	1.90 	2.15 	1.28 	1.90 	1.43 
2007	1	1.06 	1.14 	1.72 	1.69 	1.98 	1.79 	1.76 	0.90 
2007	2	1.13 	1.14 	1.80 	1.39 	2.07 	1.33 	1.87 	1.16 
2007	3	1.15 	0.80 	1.82 	0.85 	2.11 	1.79 	1.91 	1.68 
2007	4	1.19 	0.78 	1.81 	0.63 	2.15 	1.43 	1.93 	1.04 
2007	5	1.22 	0.85 	1.75 	0.75 	2.06 	1.41 	1.85 	1.44 
2007	6	1.23 	0.93 	1.80 	1.20 	2.15 	1.66 	1.95 	0.58 
2007	7	1.19 	0.87 	1.73 	1.46 	2.07 	1.88 	1.90 	1.76 
2007	8	1.17 	1.20 	1.72 	2.01 	2.09 	1.12 	1.96 	1.36 
2007	9	1.17 	1.36 	1.72 	1.81 	2.06 	1.06 	1.88 	1.67 
2007	10	1.13 	1.15 	1.67 	2.06 	2.01 	2.46 	1.86 	1.79 
2007	11	1.01 	1.55 	1.45 	1.50 	1.71 	2.11 	1.59 	1.66 
2007	12	0.98 	1.52 	1.36 	1.70 	1.58 	1.21 	1.49 	1.77 
2008	1	1.01 	1.46 	1.51 	1.68 	1.74 	1.61 	1.65 	1.53 
2008	2	0.98 	1.27 	1.43 	1.82 	1.63 	0.99 	1.55 	1.05 
2008	3	0.96 	0.85 	1.32 	1.04 	1.49 	0.51 	1.43 	1.21 
2008	4	0.97 	0.98 	1.42 	1.59 	1.61 	1.24 	1.57 	1.06 
2008	5	1.01 	0.79 	1.54 	1.51 	1.82 	2.19 	1.83 	1.53 
2008	6	1.04 	0.89 	1.61 	0.90 	1.91 	1.12 	1.98 	1.08 
2008	7	1.12 	0.90 	1.73 	1.62 	2.10 	1.38 	2.19 	1.10 
2008	8	1.24 	1.08 	1.88 	2.55 	2.22 	1.16 	2.34 	1.55 
2008	9	1.32 	1.00 	2.00 	1.41 	2.39 	1.50 	2.57 	1.56 
2008	10	1.44 	1.38 	2.21 	1.37 	2.70 	1.85 	2.87 	1.47 
2008	11	1.64 	1.36 	2.54 	1.60 	3.11 	2.02 	3.26 	1.59 
2008	12	1.73 	1.10 	2.65 	1.12 	3.24 	0.62 	3.35 	1.52 
2009	1	1.80 	1.21 	2.59 	1.52 	3.17 	0.96 	3.27 	2.01 
2009	2	1.92 	0.85 	2.75 	1.83 	3.41 	1.64 	3.53 	1.43 
2009	3	2.10 	0.70 	2.97 	1.15 	3.65 	0.52 	3.74 	1.55 
2009	4	2.18 	0.53 	3.00 	0.85 	3.68 	1.07 	3.75 	2.13 
2009	5	2.20 	0.60 	2.99 	1.38 	3.69 	1.32 	3.72 	2.15 
2009	6	2.28 	0.76 	3.13 	1.64 	3.87 	1.32 	3.90 	1.64 
2009	7	2.36 	1.06 	3.29 	1.77 	4.06 	1.81 	4.09 	1.75 
2009	8	2.40 	1.10 	3.43 	2.11 	4.25 	1.86 	4.28 	1.81 
2009	9	2.48 	1.27 	3.53 	2.22 	4.45 	2.02 	4.45 	1.27 
2009	10	2.54 	1.18 	3.52 	1.98 	4.42 	2.75 	4.43 	0.86 
2009	11	2.55 	1.42 	3.52 	1.67 	4.47 	1.96 	4.48 	0.97 
2009	12	2.55 	1.09 	3.59 	1.18 	4.60 	1.25 	4.61 	0.69 
2010	1	2.57 	1.17 	3.75 	1.59 	4.83 	2.22 	4.83 	0.74 
2010	2	2.53 	0.92 	3.74 	1.66 	4.85 	1.63 	4.81 	1.26 
2010	3	2.45 	0.68 	3.71 	1.40 	4.89 	1.48 	4.85 	1.93 
2010	4	2.37 	0.78 	3.60 	0.99 	4.80 	2.22 	4.75 	2.15 
2010	5	2.36 	0.52 	3.64 	0.63 	4.80 	1.67 	4.81 	2.32 
2010	6	2.24 	0.72 	3.47 	1.06 	4.60 	1.11 	4.56 	1.31 
2010	7	2.08 	1.14 	3.25 	0.95 	4.35 	1.31 	4.28 	1.05 
2010	8	1.99 	0.86 	3.05 	1.43 	4.04 	1.08 	3.99 	1.60 
2010	9	1.89 	1.13 	2.89 	1.36 	3.77 	1.31 	3.72 	0.99 
2010	10	1.81 	1.06 	2.82 	1.92 	3.63 	1.74 	3.61 	1.02 
2010	11	1.67 	1.24 	2.59 	1.83 	3.25 	1.92 	3.24 	1.64 
2010	12	1.60 	1.26 	2.42 	1.13 	3.03 	1.40 	3.03 	1.09 
2011	1	1.55 	1.41 	2.33 	1.52 	2.91 	1.54 	2.93 	0.78 
2011	2	1.52 	1.13 	2.26 	1.57 	2.78 	1.52 	2.84 	1.61 
2011	3	1.52 	0.65 	2.25 	1.05 	2.74 	1.29 	2.84 	1.31 
2011	4	1.59 	0.58 	2.37 	1.07 	2.81 	1.41 	2.95 	0.87 
2011	5	1.60 	0.87 	2.29 	0.93 	2.70 	1.47 	2.84 	1.60 
2011	6	1.75 	0.69 	2.49 	1.05 	2.98 	1.31 	3.12 	1.05 
2011	7	1.84 	1.10 	2.53 	1.76 	3.03 	1.14 	3.17 	1.48 
2011	8	1.90 	0.96 	2.61 	1.79 	3.21 	1.54 	3.31 	1.31 
2011	9	2.00 	0.98 	2.77 	1.82 	3.45 	1.59 	3.54 	1.28 
2011	10	2.06 	1.23 	2.84 	2.11 	3.61 	2.13 	3.69 	1.81 
2011	11	2.20 	1.48 	3.13 	1.32 	4.04 	1.84 	4.10 	2.24 
2011	12	2.31 	1.64 	3.27 	1.78 	4.22 	1.88 	4.26 	2.48 
2012	1	2.35 	1.53 	3.23 	1.48 	4.18 	1.47 	4.22 	1.19 
2012	2	2.45 	1.42 	3.36 	1.42 	4.37 	0.80 	4.36 	1.30 
2012	3	2.57 	0.84 	3.48 	1.46 	4.55 	1.30 	4.52 	1.45 
2012	4	2.67 	0.70 	3.59 	1.87 	4.75 	1.46 	4.72 	1.46 
2012	5	2.80 	0.69 	3.78 	0.74 	5.02 	1.47 	4.95 	1.29 
2012	6	2.87 	0.80 	3.89 	0.82 	5.13 	1.63 	5.08 	0.79 
2012	7	3.07 	1.07 	4.22 	1.42 	5.52 	1.47 	5.48 	1.39 
2012	8	3.22 	1.13 	4.45 	1.52 	5.77 	1.87 	5.77 	1.17 
2012	9	3.31 	1.31 	4.52 	2.01 	5.91 	1.77 	5.90 	1.82 
2012	10	3.41 	1.35 	4.67 	1.91 	6.11 	2.16 	6.04 	1.57 
2012	11	3.48 	1.29 	4.67 	1.48 	6.06 	1.54 	6.00 	1.98 
2012	12	3.59 	1.43 	4.80 	1.30 	6.18 	1.76 	6.13 	1.66 
2013	1	3.65 	1.19 	4.98 	1.64 	6.38 	1.97 	6.36 	1.32 
2013	2	3.67 	0.91 	5.03 	1.49 	6.37 	1.59 	6.37 	1.73 
2013	3	3.72 	0.78 	5.12 	1.48 	6.43 	1.54 	6.43 	1.78 
2013	4	3.73 	0.68 	5.09 	1.27 	6.40 	1.66 	6.35 	2.10 
2013	5	3.75 	0.54 	5.11 	1.10 	6.45 	1.85 	6.41 	1.21 
2013	6	3.78 	0.72 	5.10 	1.25 	6.42 	1.67 	6.37 	1.99 
2013	7	3.75 	0.96 	5.06 	1.23 	6.36 	1.37 	6.31 	1.76 
2013	8	3.78 	0.98 	5.10 	1.61 	6.43 	1.80 	6.33 	1.81 
2013	9	3.83 	1.17 	5.18 	1.98 	6.48 	2.10 	6.37 	1.48 
2013	10	3.88 	1.12 	5.20 	1.72 	6.48 	2.26 	6.39 	1.46 
2013	11	3.96 	1.43 	5.30 	2.05 	6.66 	1.90 	6.54 	1.86 
2013	12	4.01 	1.16 	5.33 	1.84 	6.76 	1.21 	6.63 	1.72 
2014	1	4.10 	1.09 	5.42 	1.64 	6.87 	1.85 	6.72 	1.63 
2014	2	4.19 	0.73 	5.59 	2.13 	7.12 	1.85 	6.94 	1.76 
2014	3	4.26 	0.55 	5.68 	2.08 	7.28 	1.68 	7.05 	1.38 
2014	4	4.33 	0.66 	5.91 	1.51 	7.56 	1.50 	7.34 	1.96 
2014	5	4.37 	0.77 	5.97 	1.27 	7.62 	1.95 	7.36 	1.02 
2014	6	4.44 	0.78 	6.08 	1.56 	7.73 	1.58 	7.47 	1.37 
2014	7	4.47 	0.88 	6.09 	1.52 	7.78 	2.04 	7.52 	0.50 
2014	8	4.50 	1.07 	6.08 	1.73 	7.75 	1.69 	7.51 	1.44 
2014	9	4.55 	1.18 	6.08 	2.18 	7.78 	2.36 	7.55 	1.77 
2014	10	4.65 	1.30 	6.21 	2.13 	7.91 	2.51 	7.64 	1.87 
2014	11	4.75 	1.33 	6.34 	1.99 	8.12 	2.84 	7.82 	2.11 
2014	12	4.88 	1.40 	6.64 	1.45 	8.55 	2.36 	8.21 	1.79 
2015	1	4.96 	1.20 	6.81 	1.80 	8.80 	1.59 	8.44 	1.31 
2015	2	5.06 	0.76 	6.95 	2.33 	9.02 	1.95 	8.64 	1.44 
2015	3	5.11 	0.68 	7.02 	1.92 	9.12 	1.48 	8.75 	1.29 
2015	4	5.29 	0.65 	7.19 	1.46 	9.38 	2.07 	9.01 	1.95 
2015	5	5.52 	0.72 	7.56 	1.17 	9.88 	1.38 	9.53 	1.23 
2015	6	5.68 	1.19 	7.84 	1.67 	10.32 	1.06 	10.01 	1.37 
2015	7	5.88 	1.14 	8.13 	2.06 	10.75 	1.94 	10.44 	1.37 
2015	8	5.99 	1.46 	8.36 	3.09 	11.12 	2.87 	10.88 	1.45 
2015	9	6.14 	1.71 	8.75 	3.07 	11.70 	3.13 	11.52 	1.84 
2015	10	6.24 	1.99 	9.02 	3.02 	12.11 	3.76 	12.03 	2.13 
2015	11	6.26 	1.97 	9.19 	2.75 	12.35 	2.77 	12.35 	2.50 
2015	12	6.25 	1.86 	9.14 	2.22 	12.24 	2.84 	12.29 	2.02 
2016	1	6.39 	1.45 	9.32 	2.42 	12.37 	2.90 	12.46 	2.56 
2016	2	6.45 	0.91 	9.39 	2.94 	12.37 	3.00 	12.49 	2.17 
2016	3	6.54 	1.00 	9.57 	2.83 	12.55 	2.87 	12.72 	3.29 
2016	4	6.49 	1.16 	9.50 	2.07 	12.36 	3.81 	12.53 	3.32 
2016	5	6.48 	0.90 	9.49 	1.48 	12.22 	2.34 	12.41 	1.59 
2016	6	6.48 	1.14 	9.59 	2.09 	12.21 	2.19 	12.36 	1.86 
2016	7	6.46 	1.06 	9.59 	1.97 	12.09 	1.94 	12.25 	1.70 
2016	8	6.53 	1.09 	9.73 	2.35 	12.12 	1.59 	12.25 	2.65 
2016	9	6.57 	1.25 	9.73 	2.77 	11.96 	2.85 	12.13 	2.41 
2016	10	6.62 	1.09 	9.79 	2.10 	11.96 	2.54 	12.16 	2.22 
2016	11	6.72 	1.31 	9.92 	1.58 	12.04 	2.70 	12.24 	2.19 
2016	12	6.75 	1.56 	10.03 	1.89 	12.16 	2.49 	12.36 	1.74 
2017	1	6.68 	1.35 	9.91 	1.39 	11.98 	1.84 	12.16 	1.50 
2017	2	6.63 	1.03 	9.97 	2.17 	12.04 	1.91 	12.21 	2.24 
2017	3	6.64 	0.89 	10.03 	1.92 	12.05 	2.46 	12.18 	2.43 
2017	4	6.64 	0.80 	10.08 	1.44 	12.10 	2.38 	12.25 	2.98 
2017	5	6.67 	0.94 	10.18 	0.90 	12.23 	2.60 	12.38 	2.51 
2017	6	6.72 	0.92 	10.15 	0.76 	12.18 	1.03 	12.36 	0.87 
2017	7	6.76 	1.21 	10.22 	1.73 	12.25 	1.25 	12.45 	1.09 
2017	8	6.79 	1.15 	10.22 	2.27 	12.25 	1.96 	12.44 	1.04 
2017	9	6.78 	0.96 	10.17 	2.59 	12.26 	2.26 	12.35 	1.71 
2017	10	6.75 	1.20 	10.13 	2.26 	12.25 	2.39 	12.31 	2.24 
2017	11	6.75 	1.32 	10.14 	2.39 	12.23 	2.87 	12.28 	2.76 
2017	12	6.74 	1.29 	10.08 	1.71 	12.14 	2.23 	12.16 	2.81 
2018	1	6.76 	1.35 	10.23 	2.24 	12.36 	1.79 	12.40 	2.57 
2018	2	6.78 	0.97 	10.28 	2.60 	12.42 	1.78 	12.48 	2.41 
2018	3	6.76 	0.87 	10.26 	2.15 	12.43 	2.28 	12.50 	2.18 
2018	4	6.78 	0.60 	10.36 	1.22 	12.53 	1.81 	12.61 	2.16 
2018	5	6.82 	0.79 	10.34 	0.70 	12.53 	2.08 	12.58 	1.59 
2018	6	6.82 	0.61 	10.38 	1.12 	12.55 	1.49 	12.61 	1.42 
2018	7	6.85 	1.09 	10.46 	1.48 	12.70 	2.38 	12.76 	0.73 
2018	8	6.77 	1.14 	10.33 	2.15 	12.68 	2.28 	12.77 	0.71 
2018	9	6.74 	1.07 	10.38 	1.93 	12.81 	2.90 	12.98 	1.05 
2018	10	6.73 	1.27 	10.37 	2.11 	12.83 	3.52 	13.00 	1.64 
2018	11	6.63 	1.23 	10.23 	2.41 	12.78 	3.02 	12.95 	3.13 
2018	12	6.63 	1.49 	10.19 	1.98 	12.76 	2.98 	12.95 	3.46 
2019	1	6.68 	1.46 	10.16 	2.41 	12.72 	2.90 	12.92 	2.57 
2019	2	6.71 	0.92 	10.07 	2.93 	12.61 	2.99 	12.80 	2.17 
2019	3	6.73 	1.01 	10.03 	2.81 	12.60 	2.86 	12.82 	3.28 
2019	4	6.71 	1.17 	9.87 	2.06 	12.44 	3.81 	12.64 	3.31 
2019	5	6.65 	0.91 	9.80 	1.46 	12.32 	2.34 	12.54 	1.58 
2019	6	6.60 	1.14 	9.79 	2.09 	12.35 	2.20 	12.53 	1.87 
2019	7	6.53 	1.07 	9.65 	1.97 	12.15 	1.93 	12.30 	1.71 
2019	8	6.59 	1.09 	9.78 	2.36 	12.17 	1.60 	12.31 	2.66 
2019	9	6.63 	1.25 	9.78 	2.78 	12.02 	2.86 	12.19 	2.43 
2019	10	6.68 	1.10 	9.84 	2.10 	12.01 	2.56 	12.21 	2.25 
2019	11	6.78 	1.31 	9.97 	1.58 	12.09 	2.72 	12.30 	2.21 
2019	12	6.80 	1.57 	10.08 	1.89 	12.21 	2.49 	12.42 	1.74 
2020	1	6.74 	1.35 	9.96 	1.38 	12.03 	1.84 	12.22 	1.49 
2020	2	6.69 	1.03 	10.02 	2.16 	12.09 	1.91 	12.26 	2.22 
2020	3	6.70 	0.89 	10.08 	1.90 	12.10 	2.46 	12.24 	2.41 
2020	4	6.70 	0.81 	10.14 	1.43 	12.16 	2.38 	12.31 	2.96 
2020	5	6.73 	0.94 	10.23 	0.90 	12.29 	2.60 	12.45 	2.50 
2020	6	6.78 	0.92 	10.21 	0.77 	12.24 	1.04 	12.43 	0.87 
2020	7	6.83 	1.21 	10.28 	1.73 	12.31 	1.25 	12.51 	1.09 
2020	8	6.90 	1.15 	10.38 	2.27 	12.41 	1.96 	12.57 	1.05 
2020	9	6.92 	0.96 	10.38 	2.59 	12.41 	2.26 	12.46 	1.71 
2020	10	6.99 	1.20 	10.35 	2.26 	12.29 	2.39 	12.25 	2.24 
2020	11	7.09 	1.33 	10.47 	2.38 	12.32 	2.86 	12.21 	2.76 
2020	12	7.32 	1.29 	10.73 	1.70 	12.48 	2.23 	12.35 	2.81 
2021	1	7.56 	1.08 	11.13 	2.09 	12.86 	2.95 	12.74 	2.56 
2021	2	7.83 	0.77 	11.43 	1.87 	13.14 	2.60 	13.01 	2.56 
2021	3	8.06 	0.65 	11.65 	2.09 	13.39 	2.03 	13.23 	2.12 
2021	4	8.28 	0.73 	11.91 	1.76 	13.68 	2.22 	13.50 	2.40 
2021	5	8.49 	0.71 	12.19 	1.24 	14.01 	1.74 	13.80 	2.09 
2021	6	8.62 	0.64 	12.39 	1.21 	14.26 	1.80 	14.00 	0.90 
2021	7	8.72 	0.77 	12.49 	1.71 	14.39 	1.17 	14.08 	1.34 
2021	8	8.89 	0.80 	12.70 	1.73 	14.67 	1.71 	14.33 	1.56 
2021	9	9.09 	1.16 	12.98 	2.85 	14.99 	2.54 	14.64 	1.61 
2021	10	9.21 	1.06 	13.25 	2.81 	15.32 	2.57 	14.98 	2.35 
2021	11	9.29 	1.24 	13.45 	2.26 	15.65 	2.48 	15.31 	3.22 
2021	12	9.29 	1.16 	13.50 	2.22 	15.73 	2.32 	15.41 	3.17 
2022	1	9.31 	0.87 	13.46 	2.31 	15.72 	2.93 	15.42 	2.67 
2022	2	9.30 	0.73 	13.55 	2.09 	15.90 	2.69 	15.59 	2.46 
2022	3	9.29 	0.64 	13.68 	1.94 	16.06 	2.04 	15.81 	2.81 
2022	4	9.35 	0.56 	13.90 	1.50 	16.34 	2.70 	16.10 	2.56 
2022	5	9.41 	0.76 	13.99 	0.78 	16.44 	2.42 	16.21 	1.33 
2022	6	9.55 	0.74 	14.16 	1.43 	16.59 	1.82 	16.36 	0.69 
2022	7	9.77 	1.00 	14.55 	1.82 	17.07 	2.07 	16.83 	0.98 
2022	8	9.63 	0.94 	14.38 	2.89 	16.84 	2.33 	16.65 	0.75 
2022	9	9.49 	1.32 	14.19 	3.23 	16.63 	3.06 	16.47 	1.45 
2022	10	9.39 	1.43 	14.02 	2.84 	16.45 	3.20 	16.32 	2.14 
2022	11	9.30 	1.24 	13.85 	2.77 	16.22 	3.00 	16.11 	3.03 
2022	12	9.22 	1.60 	13.73 	2.14 	16.12 	3.27 	16.00 	3.41 
